110010027
110010036
110010045
110010054
110010063
110010072
110010089
110010098
110010107
110010116
110010125
110010134
110010143
110010152
110010169
110010178
110010187
110010196
110010205
110010214
110010223
110010232
110010249
110010258
110010267
110010276
110010285
110010294
110010303
110010312
110010329
110010338
110010347
110010356
110010365
110010374
110010383
110010392
110010409
110010418
110010427
110010436
110010445
110010454
110010463
110010472
110010489
110010498
110010507
110010516
110010525
110010534
110010543
110010552
110010569
110010578
110010587
110010596
110010605
110010614
110010623
110010632
110010649
110010658
110010667
110010676
110010685
110010694
110010703
110010712
110010729
110010738
110010747
110010756
110010765
110010774
110010783
110010792
110010809
110010818
110010827
110010836
110010845
110010854
110010863
110010872
110010889
110010898
110010907
110010916
110010925
110010934
110010943
110010952
110010969
110010978
110010987
110010996
110011005
110011014
110011023
110011032
110011049
110020018
110020027
110020036
110020045
110020054
110020063
110020072
110020089
110020098
110020107
110020116
110020125
110020134
110020143
110020152
110020169
110020178
110020187
110020196
110020205
110020214
110020223
110020232
110020249
110020258
110020267
110020276
110020285
110020294
110020303
110020312
110020329
110020338
110020347
110020356
110020365
110020374
110020383
110020392
110020409
110020418
110020427
110020436
110020445
110020454
110020463
110020472
110020489
110020498
110020507
110020516
110020525
110020534
110020543
110020552
110020569
110020578
110020587
110020596
110020605
110020614
110020623
110020632
110020649
110020658
110020667
110020676
110020685
110020694
110020703
110020712
110020729
110020738
110020747
110020756
110020765
110020774
110020783
110020792
110020809
110020818
110020827
110020836
110020845
110020854
110020863
110020872
110020889
110020898
110020907
110020916
110020925
110020934
110030018
110030027
110030036
110030045
110030054
110030063
110030072
110030089
110030098
110030107
110030116
110030125
110030134
110030143
110030152
110030169
110030178
110030187
110030196
110030205
110030214
110030223
110030232
110030249
110030258
110030267
110030276
110030285
110030294
110030303
110030312
110030329
110030338
110030347
110030356
110030365
110030374
110030383
110030392
110030409
110030418
110030427
110030436
110030445
110030454
110030463
110030472
110030489
110030498
110030507
110030516
110030525
110030534
110030543
110030552
110030569
110030578
110030587
110030596
110030605
110030614
110030623
110030632
110030649
110030658
110030667
110030676
110030685
110030694
110030703
110030712
110030729
110030738
110030747
110030756
110030765
110030774
110030783
110030792
110030809
110030818
110030827
110030836
110030845
110030854
110030863
110030872
110030889
110030898
110040018
110040027
110040036
110040045
110040054
110040063
110040072
110040089
110040098
110040107
110040116
110040125
110040134
110040143
110040152
110040169
110040178
110040187
110040196
110040205
110040214
110040223
110040232
110040249
110040258
110040267
110040276
110040285
110040294
110040303
110040312
110040329
110040338
110040347
110040356
110040365
110040374
110040383
110040392
110040409
110040418
110040427
110040436
110040445
110040454
110040463
110040472
110040489
110040498
110040507
110040516
110040525
110040534
110040543
110040552
110040569
110040578
110040587
110040596
110040605
110040614
110040623
110040632
110040649
110040658
110040667
110040676
110040685
110040694
110040703
110040712
110040729
110040738
110040747
110040756
110040765
110040774
110040783
110040792
110040809
110040818
110040827
110040836
110040845
110040854
110040863
110040872
110040889
110040898
110040907
110040916
110040925
110040934
110040943
110040952
110040969
110040978
110040987
110040996
110041005
110041014
110041023
110041032
110041049
110041058
110041067
110041076
110041085
110041094
110041103
110041112
110050018
110050027
110050036
110050045
110050054
110050063
110050072
110050089
110050098
110050107
110050116
110050125
110050134
110050143
110050152
110050169
110050178
110050187
110050196
110050205
110050214
110050223
110050232
110050249
110050258
110050267
110050276
110050285
110050294
110050303
110050312
110050329
110050338
110050347
110050356
110050365
110050374
110050383
110050392
110050409
110050418
110050427
110050436
110050445
110050454
110050463
110050472
110050489
110050498
110050507
110050516
110050525
110050534
110050543
110050552
110050569
110050578
110050587
110050596
110050605
110050614
110050623
110050632
110050649
110050658
110050667
110050676
110050685
110050694
110050703
110050712
110050729
110050738
110050747
110050756
110050765
110050774
110050783
110050792
110050809
110050818
110050827
110050836
110050845
110050854
110050863
110050872
110050889
110050898
110050907
110050916
110050925
110050934
110050943
110050952
110050969
110050978
110060018
110060027
110060036
110060045
110060054
110060063
110060072
110060089
110060098
110060107
110060116
110060125
110060134
110060143
110060152
110060169
110060178
110060187
110060196
110060205
110060214
110060223
110060232
110060249
110060258
110060267
110060276
110060285
110060294
110060303
110060312
110060329
110060338
110060347
110060356
110060365
110060374
110060383
110060392
110060409
110060418
110060427
110060436
110060445
110060454
110060463
110060472
110060489
110060498
110060507
110060516
110060525
110060534
110060543
110060552
110060569
110060578
110060587
110060596
110060605
110060614
110060623
110060632
110060649
110060658
110060667
110060676
110060685
110060694
110060703
110060712
110060729
110060738
110060747
110060756
110060765
110060774
110060783
110060792
110060809
110060818
110060827
110060836
110060845
110060854
110060863
110060872
110060889
110060898
110060907
110060916
110060925
110060934
110060943
110060952
110060969
110060978
110060987
110060996
110061005
110061014
110061023
110061032
110061049
110061058
110061067
110061076
110061085
110061094
110061103
110061112
110061129
110061138
110061147
110061156
110061165
110061174
110061183
110061192
110070018
110070027
110070036
110070045
110070054
110070063
110070072
110070089
110070098
110070107
110070116
110070125
110070134
110070143
110070152
110070169
110070178
110070187
110070196
110070205
110070214
110070223
110070232
110070249
110070258
110070267
110070276
110070285
110070294
110070303
110070312
110070329
110070338
110070347
110070356
110070365
110070374
110070383
110080018
110080027
110080036
110080045
110080054
110080063
110080072
110080089
110080098
110080107
110080116
110080125
110080134
110080143
110080152
110080169
110080178
110080187
110090018
110090027
110090036
110090045
110090054
110090063
110090072
110090089
110090098
110090107
110090116
110090125
110090134
110090143
110090152
110090169
110090178
110090187
110090196
110090205
110090214
110090223
110090232
110090249
110090258
110090267
110090276
110090285
110090294
110090303
110090312
110090329
110090338
110090347
110090356
110090365
110090374
110090383
110090392
110090409
110090418
110090427
110090436
110090445
110090454
110090463
110090472
110090489
110090498
110090507
110090516
110090525
110090534
110090543
110090552
110090569
110090578
110090587
110090596
110090605
110090614
110090623
110090632
110090649
110090658
110090667
110090676
110090685
110090694
110090703
110090712
110090729
110090738
110090747
110090756
110090765
110090774
110090783
110090792
110090809
110090818
110090827
110090836
110090845
110090854
110090863
110090872
110090889
110090898
110090907
110090916
110090925
110090934
110090943
110090952
110090969
110090978
110100018
110100027
110100036
110100045
110100054
110100063
110100072
110100089
110100098
110100107
110100116
110100125
110100134
110100143
110100152
110100169
110100178
110100187
110100196
110100205
110100214
110100223
110100232
110100249
110100258
110100267
110100276
110100285
110100294
110100303
110100312
110100329
110110018
110110027
110110036
110110045
110110054
110110063
110110072
110110089
110110098
110110107
110110116
110110125
110110134
110110143
110110152
110110169
110110178
110110187
110110196
110110205
110110214
110110223
110110232
110110249
110110258
110110267
110110276
110120018
110120027
110120036
110120045
110120054
110120063
110120072
110120089
110120098
110120107
110120116
110120125
110120134
110120143
110120152
110120169
110120178
110120187
110120196
110120205
110120214
110120223
110120232
110120249
110120258
110120267
110120276
110120285
110120294
110120303
110120312
110120329
110120338
110120347
110120356
110120365
110130018
110130027
110130036
110130045
110130054
110130063
110130072
110130089
110130098
110130107
110130116
110130125
110130134
110130143
110130152
110130169
110130178
110130187
110130196
110130205
110130214
110130223
110130232
110130249
110130258
110130267
110130276
110130285
110130294
110130303
110130312
110130329
110130338
110130347
110130356
110130365
110130374
110130383
110130392
110130409
110130418
110130427
110130436
110130445
110130454
110130463
110130472
110130489
110130498
110130507
110130516
110130525
110130534
110130543
110130552
110140018
110140027
110140036
110140045
110140054
110140063
110140072
110140089
110140098
110140107
110140116
110140125
110140134
110140143
110140152
110140169
110140178
110140187
110150018
110150027
110150036
110150045
110150054
110150063
110150072
110150089
110150098
110150107
110150116
110150125
110150134
110150143
110150152
110150169
110150178
110150187
110150196
110150205
110150214
110150223
110150232
110150249
110150258
110150267
110150276
110150285
110150294
110150303
110150312
110150329
110150338
110150347
110150356
110150365
110150374
110150383
110150392
110150409
110150418
110150427
110150436
110150445
110150454
110150463
110150472
110150489
110150498
110150507
110150516
110150525
110150534
110150543
110150552
110150569
110150578
110150587
110150596
110150605
110150614
110150623
110150632
110150649
110150658
110150667
110150676
